5.532143455365593709e+00
5.504652258606460791e+00
5.450213780305397826e+00
5.369761684194138240e+00
5.264593457479647576e+00
5.136336254095272835e+00
4.986905739646493529e+00
4.818459366155336099e+00
4.633345637055537480e+00
4.434050989878522309e+00
4.223145925940521295e+00
4.003231956408439096e+00
3.776890818422989682e+00
3.546637251778208100e+00
3.314876425955338934e+00
3.083866880094936480e+00
2.855689596183260015e+00
2.632223579547565251e+00
2.415128081172025265e+00
2.205831372624290410e+00
2.005525784223740615e+00
1.815168546391254356e+00
1.635487836891062807e+00
1.466993334991974818e+00
1.309990517713337299e+00
1.164597901935306101e+00
1.030766436528798735e+00
9.083002770083066224e-01
7.968782269804889351e-01
6.960752008573319882e-01
6.053831457789979886e-01
5.242309524198898174e-01
4.520029796380317655e-01
3.880559125965105105e-01
3.317337644815510633e-01
2.823809154374682384e-01
2.393531566952315781e-01
2.020267717394602924e-01
1.698057389160857744e-01
1.421271811451303990e-01
1.184652184413578641e-01
9.833339901217691414e-02
8.128589496834288941e-02
6.691765190807778818e-02
5.486367655526622894e-02
4.479763906281375441e-02
3.642995035582809876e-02
2.950546378165634295e-02
2.380092463628554270e-02
1.912228602170990693e-02
1.530197003483137370e-02
1.219616999235005779e-02
9.682219080792085417e-03
7.656121259607723446e-03
6.030194829888106157e-03
4.730972337630114793e-03
3.697178985457242467e-03
2.878076498112446500e-03
2.231745727819507176e-03
1.723926743005293116e-03
1.326489471272304307e-03
1.016849152515992899e-03
7.764095539960675935e-04
5.907200469035344239e-04
4.475382969514628598e-04
3.380578322647366258e-04
2.540338338747029291e-04
1.906653232070515814e-04
1.419348155682318997e-04
1.060882996701380336e-04
7.794782965488822454e-05
5.838630438847596535e-05
4.190365309691199537e-05
3.199415351134987781e-05
2.180399775333210781e-05
1.773198174897173661e-05
1.064434911118292169e-05
1.026807558369232412e-05
4.420862892284895255e-06
6.540169543852226770e-06
9.047953077609358848e-07
4.796029587908489611e-06
-1.099963735062161108e-06
4.027452285397018324e-06
-2.204424890307933633e-06
3.650151655784930900e-06
-2.706417806141282600e-06
3.333113735591834483e-06
-2.757687678873938804e-06
2.912811614723269019e-06
-2.464091271900812382e-06
2.347885888473199670e-06
-1.937078176706398882e-06
1.685059044456608835e-06
-1.306336517855076056e-06
1.021224567173464862e-06
-7.039172009804237754e-07
4.603370962962696311e-07
-2.346625302734356596e-07
7.420254136205018651e-08
