1.086316449652812821e+00
1.086259278214986024e+00
1.086144951659392621e+00
1.085973488898527961e+00
1.085744931388386236e+00
1.085459313199811815e+00
1.085116700844491522e+00
1.084717143526847671e+00
1.084260732687765572e+00
1.083747532633324573e+00
1.083177659561230133e+00
1.082551192840122134e+00
1.081868273206776365e+00
1.081128995046073182e+00
1.080333523371371118e+00
1.079481967530187880e+00
1.078574516506003889e+00
1.077611294548004972e+00
1.076592514260251487e+00
1.075518314725158131e+00
1.074388931775762890e+00
1.073204519251680367e+00
1.071965335782390838e+00
1.070671549880966689e+00
1.069323442501114663e+00
1.067921196737762868e+00
1.066465115358322446e+00
1.064955395939972904e+00
1.063392362516505152e+00
1.061776227039613385e+00
1.060107334226992659e+00
1.058385910288921927e+00
1.056612320011223849e+00
1.054786803738717138e+00
1.052909745678422437e+00
1.050981400177918079e+00
1.049002170190011185e+00
1.046972323926478321e+00
1.044892282385588178e+00
1.042762327500048158e+00
1.040582897593506306e+00
1.038354288175761697e+00
1.036076954163975161e+00
1.033751204508418287e+00
1.031377509989010122e+00
1.028956192881286480e+00
1.026487739119589682e+00
1.023972484236033820e+00
1.021410928668964546e+00
1.018803421228254180e+00
1.016150476322702945e+00
1.013452456224278819e+00
1.010709888992646466e+00
1.007923150830968506e+00
1.005092783502235854e+00
1.002219178092991658e+00
9.993028907482895962e-01
9.963443291916906919e-01
9.933440656588965467e-01
9.903025275691613727e-01
9.872203066198069754e-01
9.840978550752498277e-01
9.809357901069670760e-01
9.777345972752292669e-01
9.744949293776402621e-01
9.712173188645671917e-01
9.679024707166722363e-01
9.645509857848005852e-01
9.611636475844380634e-01
9.577411589217642574e-01
9.542844230143038287e-01
9.507942963083885202e-01
9.472718650702983689e-01
9.437182180868044501e-01
9.401347209014789819e-01
9.365228132147328521e-01
9.328842843762731318e-01
9.292211018927784005e-01
9.255356937783697502e-01
9.218308168091674526e-01
9.181098540777864470e-01
9.143767347340331364e-01
9.106362588506740074e-01
9.068940846623529950e-01
9.031570979766436746e-01
8.994334887689331426e-01
8.957331893226814223e-01
8.920680699804242053e-01
8.884524795681029152e-01
8.849036008241467632e-01
8.814421392319912174e-01
8.780928930356404205e-01
8.748856533778259781e-01
8.718560630042033743e-01
8.690468128775470369e-01
8.665088891423363693e-01
8.643031808195256183e-01
8.625022482281322622e-01
8.611924950827605230e-01
8.604766357444815217e-01
