1.143487262945085181e+00
1.143416268968846738e+00
1.143278037339207742e+00
1.143072601292622892e+00
1.142800007484027436e+00
1.142460315974187068e+00
1.142053600194113505e+00
1.141579946926990274e+00
1.141039456257598061e+00
1.140432241549014014e+00
1.139758429376952265e+00
1.139018159501213212e+00
1.138211584785379538e+00
1.137338871163010801e+00
1.136400197542760448e+00
1.135395755769488924e+00
1.134325750515125186e+00
1.133190399234690338e+00
1.131989932043132585e+00
1.130724591666334655e+00
1.129394633304266593e+00
1.128000324576831082e+00
1.126541945373475517e+00
1.125019787793766213e+00
1.123434155983421112e+00
1.121785366068746459e+00
1.120073745978638069e+00
1.118299635371375444e+00
1.116463385440746858e+00
1.114565358832018571e+00
1.112605929427940898e+00
1.110585482247537392e+00
1.108504413203455607e+00
1.106363128971047827e+00
1.104162046700456257e+00
1.101901593832811610e+00
1.099582207736414574e+00
1.097204335428130895e+00
1.094768433078529002e+00
1.092274965565094069e+00
1.089724405750521763e+00
1.087117233741883515e+00
1.084453935779400968e+00
1.081735002990889205e+00
1.078960929620986775e+00
1.076132210934956035e+00
1.073249340348968017e+00
1.070312805926007194e+00
1.067323085705125463e+00
1.064280641906989011e+00
1.061185913358850819e+00
1.058039306034211258e+00
1.054841180866450623e+00
1.051591838510028687e+00
1.048291499938830196e+00
1.044940282228468131e+00
1.041538168019863209e+00
1.038084967535782610e+00
1.034580271082518710e+00
1.031023390226159187e+00
1.027413284768990298e+00
1.023748472746532467e+00
1.020026919430061518e+00
1.016245901192499357e+00
1.012401838624243711e+00
1.008490092857610820e+00
1.004504717266374803e+00
1.000438155874475044e+00
9.962808775816142104e-01
9.920209339417096484e-01
9.876434254200799900e-01
9.831298589692670786e-01
9.784573761745890552e-01
9.735978281936406020e-01
9.685166690936218847e-01
9.631716349311285619e-01
9.575111699410631116e-01
9.514725553363521104e-01
9.449796884664103391e-01
9.379404521355879654e-01
9.302436038201491453e-01
9.217551038892113358e-01
9.123137888870433976e-01
9.017262818502955746e-01
8.897610147453507423e-01
8.761412196143958386e-01
8.605367232147479450e-01
8.425543558196748606e-01
8.217267567822558183e-01
7.974993282197782030e-01
7.692150521658142059e-01
7.360968462878708651e-01
6.972270872245177609e-01
6.515238790119490808e-01
5.977135854027045836e-01
5.342990790802057965e-01
4.595230862843624475e-01
3.713259217985737104e-01
2.672968150024301881e-01
1.446179220001425070e-01
