1.174789243610167677e+00
1.174789242634894704e+00
1.174789244091292817e+00
1.174789241120781424e+00
1.174789243933265670e+00
1.174789238818173986e+00
1.174789242754308516e+00
1.174789235189859671e+00
1.174789239811840691e+00
1.174789229237047650e+00
1.174789233766654561e+00
1.174789219185890632e+00
1.174789222271045874e+00
1.174789201950392048e+00
1.174789201272166350e+00
1.174789172232449941e+00
1.174789163853338536e+00
1.174789121034413242e+00
1.174789098329708459e+00
1.174789033227128243e+00
1.174788985150071463e+00
1.174788883612328139e+00
1.174788791903947027e+00
1.174788630605873685e+00
1.174788465347807564e+00
1.174788206194391504e+00
1.174787918782365992e+00
1.174787500104643723e+00
1.174787012240639195e+00
1.174786335060559184e+00
1.174785521650098197e+00
1.174784428427029903e+00
1.174783091220530151e+00
1.174781333224877100e+00
1.174779160511908005e+00
1.174776348127208436e+00
1.174772853574072462e+00
1.174768381165091968e+00
1.174762811693107256e+00
1.174755744856824657e+00
1.174746942895141588e+00
1.174735850469962095e+00
1.174722049439179239e+00
1.174704754949740471e+00
1.174683277699359651e+00
1.174656494095783099e+00
1.174623311224228361e+00
1.174582107667549336e+00
1.174531194843221771e+00
1.174468223323826166e+00
1.174390632084556518e+00
1.174295012741694677e+00
1.174177535360820146e+00
1.174033259714908795e+00
1.173856522383425860e+00
1.173640179621864288e+00
1.173375935190229535e+00
1.173053493330755481e+00
1.172660799654188457e+00
1.172183074532830327e+00
1.171602929864757225e+00
1.170899242245918570e+00
1.170047095777272617e+00
1.169016439832918808e+00
1.167771791310602048e+00
1.166270602573266535e+00
1.164462634437782640e+00
1.162287934543825507e+00
1.159675763359705902e+00
1.156542050056640791e+00
1.152787715893440978e+00
1.148295431407241773e+00
1.142927132205420637e+00
1.136519845103037829e+00
1.128882127436103389e+00
1.119788657136687959e+00
1.108975244220116396e+00
1.096131786256834495e+00
1.080895394724910474e+00
1.062841197387258019e+00
1.041472986579363491e+00
1.021418561702551964e+00
1.002272762200156819e+00
9.838027095969273939e-01
9.658824458338046703e-01
9.484525688840582669e-01
9.314969875908698516e-01
9.150284862440293265e-01
8.990813933689584259e-01
8.837070808141941347e-01
8.689728072257051350e-01
8.549612976653171437e-01
8.417722648377068406e-01
8.295240566870215604e-01
8.183567327791215762e-01
8.084352430453619620e-01
7.999538729400331727e-01
7.931410249939404578e-01
7.882652674893720901e-01
7.856421005584378614e-01
