1.205749803475292931e-07
1.319726153057546142e-07
1.556706681891934162e-07
1.935886646043789978e-07
2.487934876951660174e-07
3.257107603018296296e-07
4.304290077147808440e-07
5.711140349088463467e-07
7.585571700150103657e-07
1.006888333897876073e-06
1.334493624948517074e-06
1.765187639565350874e-06
2.329703526712097411e-06
3.067579322190421291e-06
4.029538042831947139e-06
5.280482075120875813e-06
6.903250435699995149e-06
9.003321543507052300e-06
1.171468544666329263e-05
1.520715943806907246e-05
1.969548138172581560e-05
2.545058787486685072e-05
3.281357196608625476e-05
4.221292033200364899e-05
5.418575586544832688e-05
6.940396239048171872e-05
8.870624818882664173e-05
1.131374194454645786e-04
1.439963897120941061e-04
1.828947541568798634e-04
2.318281159740020797e-04
2.932627764369056264e-04
3.702409007682952728e-04
4.665078620596086584e-04
5.866661596553168637e-04
7.363611237089066636e-04
9.225045735444496612e-04
1.153543716432441730e-03
1.439783881095537278e-03
1.793775206088994451e-03
2.230775180732262001e-03
2.769301003813466958e-03
3.431788126494048161e-03
4.245374130360331580e-03
5.242830315811605572e-03
6.463667103936841102e-03
7.955443659220804223e-03
9.775317102872639607e-03
1.199187239998942417e-02
1.468728057277324424e-02
1.795984043453112758e-02
2.192696768794825599e-02
2.672870513538664131e-02
3.253183907633547256e-02
3.953471990562761051e-02
4.797289968627629214e-02
5.812571628849913519e-02
7.032397282517661996e-02
8.495888286786644483e-02
1.024924766247295727e-01
1.234696912679703745e-01
1.485324003206129895e-01
1.784356729031336408e-01
2.140665942022359769e-01
2.564660243145965857e-01
3.068537242559171152e-01
3.666573360947404936e-01
4.375457696286926823e-01
5.214676216053198976e-01
6.206953361251247303e-01
7.378759075708258841e-01
8.760890313087849046e-01
1.038913723744298467e+00
1.230504563444834609e+00
1.455678850472429620e+00
1.720016143434237366e+00
2.029971814874858005e+00
2.393006467476816557e+00
2.817733278276986830e+00
3.314085588124009885e+00
3.893507331471819377e+00
4.198538260721679016e+00
4.335547320439997243e+00
4.369292679357479336e+00
4.338959439959341857e+00
4.268030803350203684e+00
4.170344088115817804e+00
4.053791814283274064e+00
3.922572160171476252e+00
3.778547254508541009e+00
3.622053141871071080e+00
3.452372412084145914e+00
3.267998436144868180e+00
3.066769595129623660e+00
2.845920777395611889e+00
2.602080298320067708e+00
2.331228625847590941e+00
2.028628028450103926e+00
1.688727727187941285e+00
1.305046255678104172e+00
