2.506590781308428273e+00
2.504086853934961887e+00
2.499088994409829567e+00
2.491614626984320235e+00
2.481688505927686528e+00
2.469342580542921883e+00
2.454615825229399917e+00
2.437554035847812717e+00
2.418209593866862850e+00
2.396641199981482284e+00
2.372913579087180924e+00
2.347097158672943440e+00
2.319267722854478020e+00
2.289506044409442165e+00
2.257897497295499267e+00
2.224531652230008039e+00
2.189501857986214439e+00
2.152904811114757955e+00
2.114840116830985828e+00
2.075409843818172728e+00
2.034718075684540217e+00
1.992870461778646352e+00
1.949973770013844199e+00
1.906135444279215108e+00
1.861463168922593558e+00
1.816064442682403302e+00
1.770046164320334015e+00
1.723514232067934859e+00
1.676573158848598810e+00
1.629325705073820130e+00
1.581872530640794361e+00
1.534311867579145172e+00
1.486739214609627213e+00
1.439247054688831406e+00
1.391924596423015137e+00
1.344857540042883493e+00
1.298127868441180777e+00
1.251813663587862946e+00
1.205988948454985055e+00
1.160723554406616564e+00
1.116083013839428428e+00
1.072128477698261806e+00
1.028916657339027596e+00
9.864997900696524935e-01
9.449256275692341500e-01
9.042374462667757129e-01
8.644740786543142486e-01
8.256699644153222550e-01
7.878552201681741085e-01
7.510557265563144735e-01
7.152932313615251170e-01
6.805854672741992184e-01
6.469462829245301583e-01
6.143857857606399575e-01
5.829104953534333111e-01
5.525235057128241589e-01
5.232246552152989283e-01
4.950107027678729565e-01
4.678755088676105900e-01
4.418102202582128712e-01
4.168034569349245433e-01
3.928415003053055132e-01
3.699084813754077161e-01
3.479865678977226984e-01
3.270561494880709907e-01
3.070960197925416413e-01
2.880835548618516095e-01
2.699948869682788355e-01
2.528050731788882288e-01
2.364882580773974008e-01
2.210178301050566008e-01
2.063665710677296261e-01
1.925067984313924563e-01
1.794105001010111999e-01
1.670494614477645301e-01
1.553953844164452647e-01
1.444199986082715381e-01
1.340951642939819666e-01
1.243929673677505177e-01
1.152858063039655795e-01
1.067464712261532722e-01
9.874821524021006047e-02
9.126481822262236254e-02
8.427064328850215891e-02
7.774068619411420022e-02
7.165061795420113455e-02
6.597682097594947948e-02
6.069641902903027270e-02
5.578730138496936636e-02
5.122814146934396434e-02
4.699841037717922970e-02
4.307838560565156044e-02
3.944915535903082554e-02
3.609261877895077186e-02
3.299148244883055164e-02
3.012925351482592315e-02
2.749022975730951515e-02
2.505948693680598582e-02
2.282286372677309189e-02
2.076694453285038780e-02
