1.075096523604103904e+00
1.074948816209518876e+00
1.074667308012111633e+00
1.074263377152172128e+00
1.073746020142987145e+00
1.073122713672054251e+00
1.072399999309645580e+00
1.071583705207396431e+00
1.070679171883523573e+00
1.069691278315180627e+00
1.068624603622629232e+00
1.067483381906136897e+00
1.066271653620668891e+00
1.064993177517653988e+00
1.063651587722358682e+00
1.062250273673002843e+00
1.060792549301044163e+00
1.059281506285524532e+00
1.057720198110932985e+00
1.056111469724063889e+00
1.054458157610344227e+00
1.052762897942129738e+00
1.051028342976637386e+00
1.049256949308320808e+00
1.047451210413062439e+00
1.045613426385156863e+00
1.043745952152238532e+00
1.041850949968062379e+00
1.039930652618377138e+00
1.037987099896315213e+00
1.036022415970585975e+00
1.034038531061345800e+00
1.032037472027605540e+00
1.030021070471907274e+00
1.027991265512157470e+00
1.025949799564189746e+00
1.023898532187733856e+00
1.021839124821556810e+00
1.019773364530083715e+00
1.017702838992877057e+00
1.015629268925229978e+00
1.013554174650058259e+00
1.011479215921132546e+00
1.009405851429620249e+00
1.007335684721540892e+00
1.005270118012236535e+00
1.003210702859570924e+00
1.001158789676797944e+00
9.991158817995988706e-01
9.970832821006921920e-01
9.950624490717605575e-01
9.930546419513283096e-01
9.910612774317940632e-01
9.890835747153752244e-01
9.871229114516758552e-01
9.851804701346906779e-01
9.832575918774996149e-01
9.813554255563308182e-01
9.794752780359681221e-01
9.776182674546473050e-01
9.757856685264932883e-01
9.739785713435342718e-01
9.721982203998634775e-01
9.704456802643144364e-01
9.687221669949447334e-01
9.670287220079920587e-01
9.653665345805676479e-01
9.637366252084799134e-01
9.621401579295736362e-01
9.605781344249758602e-01
9.590516949351509668e-01
9.575618243162371535e-01
9.561096403654378850e-01
9.546961129965105819e-01
9.533223388404150622e-01
9.519892746518645588e-01
9.506979971049743794e-01
9.494494514863079937e-01
9.482446956633894253e-01
9.470846650590755145e-01
9.459703998329973551e-01
9.449028270675819963e-01
9.438829702685207490e-01
9.429117496246149921e-01
9.419901730029436315e-01
9.411191550731987654e-01
9.402996890460662005e-01
9.395326853781044152e-01
9.388191235776930377e-01
9.381599111290794824e-01
9.375560147687758139e-01
9.370083401874654827e-01
9.365178422606287301e-01
9.360854260048768749e-01
9.357120353295335091e-01
9.353985756399775253e-01
9.351459807615692954e-01
9.349551574970601520e-01
9.348270304603072400e-01
9.347625088080726563e-01
