3.185195079370976234e+00
2.986420096554392778e+00
2.823513053947366291e+00
2.694706876169332688e+00
2.587220265677477204e+00
2.493344811863176247e+00
2.409124534296282150e+00
2.332292455517416485e+00
2.261372056029821831e+00
2.195322858176813607e+00
2.133376148239305881e+00
2.074944804917698615e+00
2.019568591956718340e+00
1.966878967684913881e+00
1.916575495429724274e+00
1.868409500699650394e+00
1.822172431666357451e+00
1.777687370902029995e+00
1.734802716817191559e+00
1.693387394814948044e+00
1.653327169613038494e+00
1.614521765013718912e+00
1.576882585550593685e+00
1.540330893482533936e+00
1.504796334886555620e+00
1.470215736683402774e+00
1.436532116244877200e+00
1.403693859524984378e+00
1.371654034010663770e+00
1.340369810488992730e+00
1.309801973314558055e+00
1.279914503218712918e+00
1.250674219958009203e+00
1.222050474674503562e+00
1.194014883768907964e+00
1.166541097670683591e+00
1.139604599062838508e+00
1.113182526128871697e+00
1.087253517118476953e+00
1.061797573195910172e+00
1.036795936993824219e+00
1.012230984752321872e+00
9.880861302128480794e-01
9.643457387608797005e-01
9.409950504929175397e-01
9.180201111219560284e-01
8.954077097462498358e-01
8.731453226883653107e-01
8.512210626746677944e-01
8.296236327696748791e-01
8.083422845105604493e-01
7.873667798053136657e-01
7.666873561667297832e-01
7.462946949543539654e-01
7.261798922897221287e-01
7.063344323971313399e-01
6.867501631045734856e-01
6.674192733168292646e-01
6.483342722474885189e-01
6.294879702668979560e-01
6.108734611925498159e-01
5.924841059130471210e-01
5.743135172027955537e-01
5.563555456446889202e-01
5.386042665417927200e-01
5.210539677554043569e-01
5.036991383693096846e-01
4.865344581331387808e-01
4.695547875996596288e-01
4.527551589209443672e-01
4.361307672303579297e-01
4.196769625846403229e-01
4.033892424029359436e-01
3.872632443842645711e-01
3.712947398484781059e-01
3.554796274877768392e-01
3.398139274806974419e-01
3.242937759599040515e-01
3.089154197915378042e-01
2.936752116606666796e-01
2.785696054256298071e-01
2.635951517381779907e-01
2.487484938966158798e-01
2.340263639305162346e-01
2.194255788881292191e-01
2.049430373261680594e-01
1.905757159766111875e-01
1.763206665908513826e-01
1.621750129390410189e-01
1.481359479652343547e-01
1.342007310791246133e-01
1.203666855849429840e-01
1.066311962310589612e-01
9.299170688055276301e-02
7.944571828887751763e-02
6.599078598837557208e-02
5.262451826819934675e-02
3.934457424872014886e-02
2.614866204129761770e-02
1.303453699166162716e-02
