1.081130289355173302e+00
1.081024992728286449e+00
1.080817001989049286e+00
1.080509038217665196e+00
1.080103809827688721e+00
1.079603963325210358e+00
1.079012148700460028e+00
1.078330949177176867e+00
1.077562969121400371e+00
1.076710732768510592e+00
1.075776800261692090e+00
1.074763638056250192e+00
1.073673763105466916e+00
1.072509585505908136e+00
1.071273580245648782e+00
1.069968102690738387e+00
1.068595587201004227e+00
1.067158336173055888e+00
1.065658744730307195e+00
1.064099064148083418e+00
1.062481651726038701e+00
1.060808709525364879e+00
1.059082558434935040e+00
1.057305353249979207e+00
1.055479379849303845e+00
1.053606747739348259e+00
1.051689709169528308e+00
1.049730330355265862e+00
1.047730831272510210e+00
1.045693236857946573e+00
1.043619736142526122e+00
1.041512314806398498e+00
1.039373132235207331e+00
1.037204136881098915e+00
1.035007459754977877e+00
1.032785014112946209e+00
1.030538903832978637e+00
1.028271009008091319e+00
1.025983407597261143e+00
1.023677948562293771e+00
1.021356685130487385e+00
1.019021437161394150e+00
1.016674234312916703e+00
1.014316869366715057e+00
1.011951349550360479e+00
1.009579442585845088e+00
1.007203134388248822e+00
1.004824169630534891e+00
1.002444514014047661e+00
1.000065891164410026e+00
9.976902476511444462e-01
9.953192880439657442e-01
9.929549408479759753e-01
9.905988935569094433e-01
9.882530576667247768e-01
9.859191055623862665e-01
9.835989327763069445e-01
9.812941985380070342e-01
9.790067834547331316e-01
9.767383355388838950e-01
9.744907215061830996e-01
9.722655800741414334e-01
9.700647650983512671e-01
9.678899079065482747e-01
9.657428505258034424e-01
9.636252187810849801e-01
9.615388439052240388e-01
9.594853480883904773e-01
9.574665528085507527e-01
9.554840784691323030e-01
9.535397378400918278e-01
9.516351513654405236e-01
9.497721241638007461e-01
9.479522785256133677e-01
9.461774129869477967e-01
9.444491534683641110e-01
9.427692930064895949e-01
9.411394629129338218e-01
9.395614518244790325e-01
9.380368981814355411e-01
9.365675873389063266e-01
9.351551665798367718e-01
9.338014191163935829e-01
9.325080027640243463e-01
9.312766997532003765e-01
9.301091800974210511e-01
9.290072262310314910e-01
9.279725220066581404e-01
9.270068512741603817e-01
9.261119133418369564e-01
9.252894947144159055e-01
9.245413117479339693e-01
9.238691548706033929e-01
9.232747590539409632e-01
9.227599199489597837e-01
9.223263926863479734e-01
9.219759794712729661e-01
9.217104571136157665e-01
9.215316357373186662e-01
9.214413153283084190e-01
