2.134087623089182983e+00
2.107993645668839289e+00
2.080501694327926643e+00
2.053219134481437447e+00
2.026202923159252212e+00
1.999385291702773237e+00
1.972743086676716384e+00
1.946272188033566719e+00
1.919972326674200813e+00
1.893843459850723443e+00
1.867885214248758530e+00
1.842096878489285272e+00
1.816477464848880174e+00
1.791025767124402979e+00
1.765740406660242012e+00
1.740619867963230538e+00
1.715662526226396034e+00
1.690866668768054248e+00
1.666230511876398701e+00
1.641752214198042736e+00
1.617429887466762084e+00
1.593261605202107800e+00
1.569245409801510727e+00
1.545379318391141954e+00
1.521661327663402563e+00
1.498089417927340072e+00
1.474661556493526815e+00
1.451375700544415892e+00
1.428229799551168577e+00
1.405221797345809431e+00
1.382349633873694472e+00
1.359611246710775490e+00
1.337004572348284848e+00
1.314527547314970457e+00
1.292178109124985097e+00
1.269954197112935113e+00
1.247853753134491095e+00
1.225874722188823762e+00
1.204015052934448660e+00
1.182272698151691337e+00
1.160645615118392815e+00
1.139131765950232245e+00
1.117729117868668798e+00
1.096435643446819652e+00
1.075249320793546737e+00
1.054168133725429612e+00
1.033190071884892758e+00
1.012313130853740750e+00
9.915353122189244361e-01
9.708546236394105522e-01
9.502690788700066671e-01
9.297766977906649633e-01
9.093755063964535923e-01
8.890635367963701796e-01
8.688388271758044068e-01
8.486994217704082466e-01
8.286433708060813030e-01
8.086687304522957032e-01
7.887735627436111008e-01
7.689559355159660825e-01
7.492139223129502534e-01
7.295456023078725760e-01
7.099490601974103310e-01
6.904223861117262384e-01
6.709636754976320283e-01
6.515710290185934284e-01
6.322425524291692689e-01
6.129763564664085784e-01
5.937705567169924148e-01
5.746232735012718473e-01
5.555326317343183273e-01
5.364967608035970947e-01
5.175137944249242894e-01
4.985818705146248253e-01
4.796991310412213050e-01
4.608637218927610357e-01
4.420737927249390742e-01
4.233274968241635960e-01
4.046229909527012114e-01
3.859584352079517000e-01
3.673319928651080923e-01
3.487418302330321795e-01
3.301861164948420857e-01
3.116630235607157906e-01
2.931707259067578564e-01
2.747074004249926427e-01
2.562712262608050073e-01
2.378603846603491445e-01
2.194730588068055932e-01
2.011074336653888850e-01
1.827616958186250029e-01
1.644340333091094675e-01
1.461226354739745270e-01
1.278256927855185576e-01
1.095413966850051907e-01
9.126793942126135151e-02
7.300351388392019303e-02
5.474631344007021422e-02
3.649453176703061630e-02
1.824636268711464157e-02
