1.083825725994622013e+00
1.083771537648667627e+00
1.083663170868621517e+00
1.083500646468806838e+00
1.083283988736517989e+00
1.083013236603475260e+00
1.082688428652062385e+00
1.082309621959981261e+00
1.081876869276888309e+00
1.081390245869284783e+00
1.080849818480607016e+00
1.080255680621693637e+00
1.079607912812170056e+00
1.078906626874168939e+00
1.078151916843272495e+00
1.077343912930093239e+00
1.076482722384738189e+00
1.075568493892542943e+00
1.074601347577012422e+00
1.073581450692262296e+00
1.072508935856067991e+00
1.071383988991734260e+00
1.070206754796174886e+00
1.068977437966907473e+00
1.067696194831184942e+00
1.066363248968287047e+00
1.064978767856131769e+00
1.063542994063289227e+00
1.062056105711113974e+00
1.060518364461895624e+00
1.058929958549587269e+00
1.057291168827829475e+00
1.055602193093339913e+00
1.053863331477605136e+00
1.052074790776591939e+00
1.050236890469954831e+00
1.048349845781800793e+00
1.046413995588292067e+00
1.044429562969884762e+00
1.042396906219014152e+00
1.040316255707719906e+00
1.038187989128572797e+00
1.036012343595910323e+00
1.033789716142359261e+00
1.031520350099951244e+00
1.029204661728605696e+00
1.026842900088007715e+00
1.024435500490608275e+00
1.021982717278676178e+00
1.019485004570682696e+00
1.016942621602185737e+00
1.014356040969385475e+00
1.011725526478610915e+00
1.009051568783624120e+00
1.006334436016762757e+00
1.003574636367375428e+00
1.000772442137511264e+00
9.979283784188340833e-01
9.950427216253806550e-01
9.921160129978755515e-01
9.891485331123405222e-01
9.861408384777963221e-01
9.830932139977968109e-01
9.800062304353700515e-01
9.768801773088230389e-01
9.737156384833157707e-01
9.705129085047693449e-01
9.672725830493176247e-01
9.639949622304124777e-01
9.606806521057970061e-01
9.573299590218673494e-01
9.539434978546640354e-01
9.505215819695206347e-01
9.470648333713115319e-01
9.435735733422726534e-01
9.400484292121420449e-01
9.364897311774077471e-01
9.328981099899288365e-01
9.292739058404250185e-01
9.256177509213261434e-01
9.219299965591786217e-01
9.182112743508487052e-01
9.144619479366753456e-01
9.106826462556303348e-01
9.068737464468813458e-01
9.030358727352687520e-01
8.991694169178753304e-01
8.952749964910424740e-01
8.913530190066693004e-01
8.874040932987642405e-01
8.834286436699962941e-01
8.794272684795062522e-01
8.754004096353271702e-01
8.713486533724039695e-01
8.672724598763423831e-01
8.631724018136973653e-01
8.590489580970384065e-01
8.549026866261291158e-01
8.507340852285936172e-01
8.465436961227703616e-01
