1.045178359470173124e+00
1.045139865405882773e+00
1.045063031765179451e+00
1.044948161555964372e+00
1.044795707522562012e+00
1.044606256094342323e+00
1.044380531085368879e+00
1.044119368282712790e+00
1.043823722408421251e+00
1.043494633347767708e+00
1.043133237323369045e+00
1.042740725919803602e+00
1.042318362464726089e+00
1.041867435035591205e+00
1.041389278965624943e+00
1.040885224933302711e+00
1.040356628332599342e+00
1.039804813373310433e+00
1.039231109807251308e+00
1.038636793742799824e+00
1.038023131938786481e+00
1.037391319796812983e+00
1.036742533158244717e+00
1.036077863715753944e+00
1.035398378005331077e+00
1.034705050298604156e+00
1.033998828290673355e+00
1.033280563411170583e+00
1.032551082578936574e+00
1.031811115806258394e+00
1.031061373322250230e+00
1.030302470336378340e+00
1.029535008815800401e+00
1.028759499310351488e+00
1.027976446692529855e+00
1.027186269012774655e+00
1.026389386560144112e+00
1.025586137799903597e+00
1.024776871174878368e+00
1.023961858264700098e+00
1.023141387811399072e+00
1.022315676321614131e+00
1.021484963857445694e+00
1.020649422373320681e+00
1.019809252859925852e+00
1.018964591763144689e+00
1.018115609103336094e+00
1.017262413364230733e+00
1.016405150232375432e+00
1.015543906370267369e+00
1.014678808433267854e+00
1.013809926155750718e+00
1.012937371307676582e+00
1.012061200527733851e+00
1.011181513881647565e+00
1.010298357874681363e+00
1.009411823271001207e+00
1.008521948711639693e+00
1.007628817450745062e+00
1.006732461995844208e+00
1.005832959413992755e+00
1.004930337400098406e+00
1.004024667804763515e+00
1.003115974524289689e+00
1.002204324902906896e+00
1.001289739825282243e+00
1.000372282649079514e+00
9.994519718675154429e-01
9.985288672338125116e-01
9.976029853476001685e-01
9.966743826407039597e-01
9.957430742269238744e-01
9.948091134285743653e-01
9.938725142142819102e-01
9.929333269575675303e-01
9.919915647716995855e-01
9.910472752051948664e-01
9.901004707663696447e-01
9.891511962757457699e-01
9.881994638557117794e-01
9.872453156763015825e-01
9.863381259330668005e-01
9.854779239848678873e-01
9.846647385311698697e-01
9.838986427778785293e-01
9.831796987577120506e-01
9.825080008334055037e-01
9.818836280941397598e-01
9.813066843211238899e-01
9.807772573973798647e-01
9.802954546385707069e-01
9.798613686978702164e-01
9.794751076128871414e-01
9.791367669796192663e-01
9.788464543245896099e-01
9.786042674702752908e-01
9.784103129929889731e-01
9.782646907700378591e-01
9.781675063763359823e-01
9.781188618271944302e-01
