3.854494249113040283e+00
3.839122563554268286e+00
3.808668451728049131e+00
3.763625019637356850e+00
3.704676037079518647e+00
3.632678611786833489e+00
3.548642329033377507e+00
3.453705560636904259e+00
3.349109712741101141e+00
3.236172215695166887e+00
3.116259061833685173e+00
2.990757669535407448e+00
2.861050797435234827e+00
2.728492154982769424e+00
2.594384259392265690e+00
2.459958979634912613e+00
2.326361090921163388e+00
2.194635043471584002e+00
2.065715032309618060e+00
1.940418344807492534e+00
1.819441863534152937e+00
1.703361516512401863e+00
1.592634397316079475e+00
1.487603224651031564e+00
1.388502775430134895e+00
1.295467906361269961e+00
1.208542775543584025e+00
1.127690885809352839e+00
1.052805593471568546e+00
9.837207574203383764e-01
9.202212417374872055e-01
8.620530277812423758e-01
8.089327367811867120e-01
7.605564093487834354e-01
7.166074322050364209e-01
6.767635434294001495e-01
6.407028845556301810e-01
6.081091001275972241e-01
5.786755124431974817e-01
5.521084210026456773e-01
5.281295927273423896e-01
5.064780206135163221e-01
4.869110355683310409e-01
4.692048592869754176e-01
4.531546857712618892e-01
4.385743760911143818e-01
4.252958458695413890e-01
4.131682183151864640e-01
4.020568079675154172e-01
3.918419921259519989e-01
3.824180186010484594e-01
3.736917902735162889e-01
3.655816592229477746e-01
3.580162560712858433e-01
3.509333737940535936e-01
3.442789196493546422e-01
3.380059440807815507e-01
3.320737514503827592e-01
3.264470942097819628e-01
3.210954495605743975e-01
3.159923757163791702e-01
3.111149434793507584e-01
3.064432379030402886e-01
3.019599242529090732e-01
2.976498722220748405e-01
2.934998323462013059e-01
2.894981587287621116e-01
2.856345724852984991e-01
2.818999607000003405e-01
2.782862061250125363e-01
2.747860433144709846e-01
2.713929373500044706e-01
2.681009817664392059e-01
2.649048127145294251e-01
2.617995367944395135e-01
2.587806703551915333e-01
2.558440883796191945e-01
2.529859813615252251e-01
2.502028188330839842e-01
2.474913184182524484e-01
2.448484194747980180e-01
2.387579320275644013e-01
2.302644100070256328e-01
2.201296550145193376e-01
2.089061568485832965e-01
1.969921551355548195e-01
1.846727321663116372e-01
1.721503410984881188e-01
1.595673829213500039e-01
1.470228278232700858e-01
1.345843968870315543e-01
1.222974497167266528e-01
1.101914393517494234e-01
9.828457887590227871e-02
8.658719944715717598e-02
7.510415514665552683e-02
6.383653667288391453e-02
5.278288615285526425e-02
4.194005349235459951e-02
3.130379634508832082e-02
