1.170717721874803052e+00
1.170692869410733916e+00
1.170643044048983894e+00
1.170567993321248057e+00
1.170467360171830951e+00
1.170340646896045333e+00
1.170187269202020319e+00
1.170006495690705695e+00
1.169797528164018940e+00
1.169559416698931820e+00
1.169291165697556645e+00
1.168991624675164598e+00
1.168659619431569485e+00
1.168293818758136871e+00
1.167892890013936258e+00
1.167455342058369094e+00
1.166979704438380283e+00
1.166464346968039578e+00
1.165907681671343843e+00
1.165307959553487871e+00
1.164663494393354704e+00
1.163972437378258729e+00
1.163233021796788558e+00
1.162443316334616616e+00
1.161601489677954513e+00
1.160705543388353522e+00
1.159753595386499248e+00
1.158743593435547226e+00
1.157673616432184804e+00
1.156541569628820376e+00
1.155345502612839637e+00
1.154083287486811216e+00
1.152752952367670725e+00
1.151352343820941426e+00
1.149879474659936340e+00
1.148332171995467776e+00
1.146708438062346458e+00
1.145006085301143450e+00
1.143223108886910477e+00
1.141357310305442851e+00
1.139406680208836509e+00
1.137369011986571588e+00
1.135242293525717372e+00
1.133024312308068993e+00
1.130713054610740897e+00
1.128306303685307599e+00
1.125802044898219778e+00
1.123198058566955426e+00
1.120492329509751528e+00
1.117682636127627083e+00
1.114766962809712991e+00
1.111743086858737239e+00
1.108608992182089192e+00
1.105362455661940357e+00
1.102001460553067913e+00
1.098523783897258799e+00
1.094927408046777240e+00
1.091210110715862047e+00
1.087369873053517066e+00
1.083404473912651156e+00
1.079311892907359516e+00
1.075089910462543319e+00
1.070736504308828829e+00
1.066249456852238486e+00
1.061626743584230370e+00
1.056866149282118306e+00
1.051965646842185409e+00
1.046923023787129869e+00
1.041736250066607194e+00
1.036403116308020289e+00
1.030921589171037045e+00
1.025289462732652535e+00
1.019504700029916444e+00
1.013565098919593455e+00
1.007468618496299539e+00
1.001213060711381830e+00
9.947963804117315734e-01
9.882163839418777185e-01
9.814710216116742103e-01
9.745581044402766846e-01
9.674755779284394119e-01
9.607049958222372288e-01
9.542443562265860990e-01
9.480941108122862282e-01
9.422566661253377607e-01
9.367356424732037334e-01
9.315357183187966683e-01
9.266621744568305230e-01
9.221209024725394166e-01
9.179181067314927667e-01
9.140603831012049652e-01
9.105545132265314701e-01
9.074075649808247546e-01
9.046267460124929327e-01
9.022195010847990915e-01
9.001934086292728843e-01
8.985562623734009158e-01
8.973160030879672178e-01
8.964807781661243702e-01
8.960589049068814482e-01
