2.485166453220061800e-01
2.497530522137209053e-01
2.522136242881192203e-01
2.558802703226070729e-01
2.607293416443682843e-01
2.667319983995656840e-01
2.738546407549786732e-01
2.820593945038044614e-01
2.913046396444938790e-01
3.015455699656519606e-01
3.127347715016624563e-01
3.248228079091476928e-01
3.377588013275693579e-01
3.514909980912914733e-01
3.659673097099652717e-01
3.811358207778517970e-01
3.969452568559730388e-01
4.133454068382209634e-01
4.302874958097327451e-01
4.477245058824662061e-01
4.656114439039139019e-01
4.839055562417741152e-01
5.025664920193005925e-01
5.215564171900927137e-01
5.408400826824926177e-01
5.603848505055368800e-01
5.801606821907251410e-01
6.001400942532012506e-01
6.202980855040253205e-01
6.406120410479472227e-01
6.610616176773747021e-01
6.816286151437105367e-01
7.022968374735363284e-01
7.230519481204820131e-01
7.438813223245408501e-01
7.647738996078178308e-01
7.857200388860141604e-01
8.067113782326927884e-01
8.277407009103757707e-01
8.488018088880355805e-01
8.698894047053069567e-01
8.909989822242090352e-01
9.121267265316828077e-01
9.332694230213625097e-01
9.544243754897732135e-01
9.755893329284396343e-01
9.967624245762146673e-01
1.017942102711812957e+00
1.039127092611145109e+00
1.060316349063390673e+00
1.081509018829799551e+00
1.102704408435986938e+00
1.123901956708378558e+00
1.145101211495174631e+00
1.166301810048795851e+00
1.187503462587789160e+00
1.208705938599535790e+00
1.229909055489047720e+00
1.251112669222423923e+00
1.272316666655078254e+00
1.293520959273972037e+00
1.314725478119264546e+00
1.335930169683823721e+00
1.357134992618714175e+00
1.378339915099180191e+00
1.399544912728889923e+00
1.420749966880385795e+00
1.441955063387148073e+00
1.463160191517578257e+00
1.484365343173844831e+00
1.505570512269159389e+00
1.526775694245935178e+00
1.547980885704610232e+00
1.569186084118991076e+00
1.590391287618906579e+00
1.611596494824969694e+00
1.632801704723501057e+00
1.654006916572251296e+00
1.675212129829642516e+00
1.696417344101887048e+00
1.717622559102617963e+00
1.704398039037267720e+00
1.666995358172812303e+00
1.612733929549497347e+00
1.546816700793238075e+00
1.472924786261245345e+00
1.393649210734509758e+00
1.310803137511252547e+00
1.225646771887052733e+00
1.139048725786732774e+00
1.051601340952573960e+00
9.637027862763755115e-01
8.756152749279744185e-01
7.875061875306044179e-01
6.994770080180255922e-01
6.115836050433606230e-01
5.238503918917217783e-01
4.362801735620750465e-01
3.488609670788772599e-01
2.615707058659034745e-01
